86744237
94939777
29397598
93276686
66345966
16417362
34371192
52968841
91119435
94621663
22298233
97857165
94219212
58513899
87929329
26496466
42151641
99263879
83457717
99418411
63391299
14935613
81732138
96969355
72453636
71948655
77163385
44698952
66862296
24337722
76921245
11746435
39816865
18684418
17862119
88328639
74352317
36315222
96681741
15842512
43355276
43468166
75872224
83647216
28917349
59251953
51815523
65779382
71312465
78597718
39476593
71696658
69855814
21136415
27834799
58871287
95493169
48446411
69676839
36719451
72769912
32741666
52476434
71436953
91915968
96654813
59865316
24327335
24659853
39661768
89988536
37136991
89549583
37581952
94173596
46931562
23875735
33437487
67833559
55213237
44643791
86345629
67537659
56835896
95234269
36399863
75589959
71446361
47852795
69966442
14254333
19339242
54793636
88427556
95985864
24912351
62637241
52871481
13462531
47621841
28998259
87658117
31932637
58764121
29592212
67696793
31859519
64243589
77439859
77914824
53472553
13626362
37949217
95946897
26681962
83114954
52182681
98633136
17631188
49959238
11778198
92624734
11528294
75397651
82966868
89534691
11194471
41791833
36524319
87115317
43975884
92386548
24325347
32218756
25361294
29365949
86656368
61112111
54376142
21391725
85886836
64428743
49745734
58634924
45862562
19261889
32937424
24888998
29183171
39582954
47344691
16618463
94378629
99696388
52629282
57629635
46592733
98156889
44585451
27481318
88129482
43535347
35517933
49561742
15873342
23756689
96812714
94196876
67254981
14537633
35926168
47864235
89563861
13474415
18129698
27745868
69524343
71285513
64449388
56232164
53718785
33481152
77954412
26157399
76884249
26676674
41575928
64621189
85756799
13196888
97866977
78184942
53395273
47287564
52928861
38111643
52651979
56616923
84657916
88899166
65132459
45844354
88547277
54784292
45288891
99553596
81742967
59997993
62572426
67178443
26197318
37654554
54881377
36752526
88483449
21948312
31576236
29993481
36153555
43244378
34729761
92939493
43815417
23346828
93237845
92841779
44886894
22351513
38354525
41375642
69821172
34861353
61649677
74645326
27364779
28784367
35822116
37472375
49594693
51524927
13338741
31755721
82995677
17952524
97738896
78357413
56768517
61246284
39219787
58279569
93253471
55646755
59117161
37845127
58738659
64922611
75582615
46641945
43912667
97545593
15375376
86924172
93193776
82331287
15938365
34426352
48375534
78213596
27998833
72228858
11338872
66975933
53529289
89658956
79671197
93793348
98178191
49574794
76145967
28839612
19459246
75827533
57386638
56669238
91985315
65182794
66153559
85133261
84776434
69691495
28271696
38882191
84679662
16168976
58177142
29259752
97889931
72119672
56392785
51319318
14155527
77841122
19713461
18779477
55668385
17581815
84366523
89688853
79263849
28291345
64183117
55951172
93985641
68254472
88584956
59638416
46394239
86733591
12611992
29472644
25383463
42791361
89937888
87781994
18456416
43954186
57383261
46596626
62913223
64371373
33335565
47942466
13138398
99386566
28698311
14267128
45678613
27896228
58577877
46667466
96843344
93365721
15648749
77241286
38545243
47854271
51959633
97596869
44329582
94646225
32968759
78555922
63935225
53262816
74286216
64319866
25445843
26415564
94368588
24751979
15178195
66431583
89365694
77357773
24186333
48665172
52343272
91246775
21139971
82397439
63539952
43821372
21145267
45971497
51275624
22877691
66812571
38947334
49294268
66539255
39463221
35231758
65622596
33641245
84289765
95591215
71982826
48511526
61742512
14431238
98136832
84395544
86853623
38472493
68181751
19524149
42491635
33716845
29575545
26873694
45877353
16228669
68253315
55855867
72655877
75184968
64978453
19589583
16556697
37692832
57712188
64856232
45433919
86153917
72775532
96322838
57867919
34431726
18881444
67223474
84211477
45899773
14128551
37724999
27722499
34414498
47454959
59977595
58484742
87489265
51279567
94359187
66374638
95993767
31358966
73332663
38482734
71735838
78239524
11854511
37162838
35561844
72129252
86726191
42734116
87276274
76748294
11684684
61897125
42642593
91919745
14467281
58472382
46534343
55356267
78929386
31595817
89356318
51457748
15729522
22412516
76214787
51883737
27677986
48429221
69295872
29278283
75563176
33495232
91714241
35149249
76857932
27768349
31211916
16863653
65217855
72662417
59571363
46254212
64169525
69723372
76766353
65444119
98111633
25645949
75238824
37733111
24561653
63353442
56946289
58723555
64886485
72181553
44237818
63764211
44781428
88794144
84597479
34449725
64629138
62889764
53729334
81528636
34348229
33785442
23464191
94662384
62896346
55868579
67913233
53988495
68861768
51154423
74133111
51132464
92356531
21133817
12419322
12425812
13537675
42921186
52366384
46486636
79888598
69486267
72278314
95589846
94882653
25422267
23798754
71611481
14564523
52523793
51937481
89141142
54328168
49558636
77695518
71843953
57561189
47466472
26771599
65541244
32882943
17595628
73577944
34538655
49385157
78121328
44153224
73866641
46378183
79843728
79775559
46888326
13916589
38225776
44483869
39944347
21648352
85994485
47575696
82194858
44637756
72316899
43546862
84755273
75664865
41695952
25451723
83344862
93499127
33138623
72667388
49997625
89177863
78138447
27857761
82319276
94182539
52844614
81235786
63893349
27151363
26439998
45617632
74662198
83722683
85617288
37464768
57231852
16744449
27372283
26688768
72849388
55191395
24996289
51127181
22873552
12868488
87193741
64561527
97971458
73378112
61847285
85638534
83816477
99858983
19161178
84334462
61653538
97535259
58938592
59763831
81696225
35381231
56322178
97848639
67582167
86838323
77194916
64867739
36121339
62987796
11965298
69559618
63233866
76214911
99732443
92849554
72164784
64791768
99927531
64475494
13683372
22457163
84228597
54883243
82755443
24324962
51682512
66466948
11119124
66191986
48519179
13315374
55494896
26372689
21243554
25455316
26775213
22214358
18677293
69478383
38457199
55264895
73246942
57626231
53342782
59695123
26933699
56746798
82739147
81914148
33751274
28689877
69999385
67174568
47343514
23938668
96775311
18586479
14797463
29411961
21458132
63229475
65431878
11188643
97529318
76421982
75955177
18536353
88844871
98486688
93587737
85876599
87946269
51563935
21928839
43764495
25676849
19968321
97843492
33944867
33625194
38484924
59551186
66947351
13171164
81234411
68581867
86589965
49185551
51649814
16944654
23188716
68453182
32369561
94979375
24694367
98356966
57266299
72569523
93892352
32881683
47828958
56223277
72533928
82876277
15223296
29898624
45978246
11229119
51184639
48598164
25892982
24566544
98467415
74521791
55255958
97258499
18823735
73653672
76358717
69825657
21162435
66513842
34736398
23456878
23433942
97566369
19947741
32823664
18194491
42364563
19468927
98872987
24479773
17383413
35655121
58528631
14947647
91982453
36827835
39732689
12799687
34988335
17125166
51497316
79119373
67842448
16547875
12448234
75328277
95542545
59364643
18191221
89123676
47142887
34435896
79236355
15428325
13914263
74455524
67239347
56689389
77855943
79499498
89191442
35268671
79124165
62793216
41568743
13784692
86742217
45661844
69619435
75897537
14668546
25819295
57577157
51249587
98113143
82728458
75339696
13733626
14671111
16577778
82751292
93557618
72565664
22596724
73962178
18465862
25296416
64361489
32745396
69898541
74942347
68264413
76776437
34673664
78429665
98517932
85532969
18685414
49768291
44356911
74147346
66879569
89468953
47762157
24222343
17142472
79951635
25841964
45956299
53846933
31179486
62547886
51973526
25555326
81873443
19197772
36952967
31997971
51628218
12487224
45414978
12756689
21115174
87481591
34928998
68527436
94523355
44579386
71322253
71933467
41974664
66553378
13992614
98517858
28442138
39265741
85263654
52885579
73729944
45532153
37811626
14599328
75577138
46275655
59625837
62241637
17129895
36754268
74686695
78264269
24471338
22665112
16575753
16283942
43261775
68128771
79461545
59523369
12298327
63719398
21146955
26268333
11957532
24986299
28156477
25539279
34875467
32324882
24867863
39864951
92632581
75124843
68425732
21924137
27724299
19497374
93615381
72395248
67611365
39993317
26835997
69356454
92787356
27499476
34929345
44161762
12399435
78892237
46119664
97526447
48873417
61711139
29213893
45458574
27481164
77594931
88612316
42252666
75981614
36697234
59281925
88686653
69972573
46826862
36755632
58523139
41388515
48698827
64329773
71381611
47946196
42841744
22831516
16981668
33274781
33553846
64674186
94993875
94624665
56434149
32766342
72888246
71683646
73148521
77927156
13118918
77542364
57281314
28426381
18887186
83362548
23811392
25786491
63498992
98358927
58381217
76727636
23179445
97795733
53681576
75733336
14927556
85451832
79344747
27855297
59899219
33562428
55192842
41656789
47241622
26579292
38473191
19346843
99718493
64518526
91885574
25267562
92719364
82169352
63872928
41715922
37928667
77182487
35927671
14585752
78696991
75313168
79141531
69823476
44259635
45415678
84613394
36997131
88597192
87941177
82368315
58418838
61723497
94117651
47753989
18429687
84893511